0
0.0079150623106
0.0404239333087
0.333526866266
0.354809117825
0.236706667057
0.401008160878
0.448305732549
0.142021941133
0.54036567343
0.468463705422
0.512375335656
0.319727384915
0.282658631637
0.508817540013
0.475175349118
0.517101490084
0.19199369464
0.133205851523
0.394284833914
0.538671789864
0.330932083673
0.277836990559
0.430618903032
0.298960683974
0.744184417892
0.594331488009
0.197014151544
0.4531093411
0.184443834021
0.5561092387
0.803391194325
0.261071941191
0.524874116255
0.336335054961
0.410060256164
0.197221337882
0.445293183736
0.239893999756
0.41758041174
0.49647337926
0.312596341637
1
0.349379775883
0.244863080499
0.176110213376
0.457282178525
0.824872147997
0.227285755771
0.231862518931
0.485995483315
0.205749801922
0.178508323889
0.464911944806
0.646921528848
0.504694821522
0.634736144802
0.209328792297
0.285925871636
0.579128672677
0.554519041984
0.466763985404
0.257233851994
0.278580434666
0.325763632362
0.249450942502
0.35594292578
0.358704007755
0.0495971075019
0.704160295088
0.27026762052
0.404728577227
0.464215546271
0.370347382507
0.157337639656
0.416826223762
0.50821573702
0.48186516856
0.370400771687
0.206603167859
0
0.368531947258
0.259636585561
0.539911828093
0.585532386992
0.275097579584
0.608500075331
0.0903064108258
0.64125636572
0.373042199829
0.815656402801
0.352994671937
0.334136954748
0.223574744063
0.463285501826
0.0665137257949
0.519922411594
0.316122655943
0.541505669928
0.526119137503
0.434614548173
0.154455035613
0.283047447592
0.278800286976
0.458430473407
0.247927415785
0.239265801724
0.176250507921
0.428274307473
0.124122238112
0.475928433264
0.390159553274
0.456604557777
0.630792325357
0.411280531454
0.317268548245
1
0.686282239109
0.564209535292
0.360291337648
0.353885523485
0.574556075789
0.4727663233
0.232601731558
0.0411731082123
0.264101874605
0.403290333176
0.611225646342
0.18628428658
0.227331753064
0.10494005929
0.373879400116
0.52386197994
0.43125943526
0.431180230485
0.467148035052
0.391551873186
0.431840508032
0.707470113291
0.445807008558
0.501584240772
0.454714011176
0.32678134145
0.315264691995
0.744196182606
0.456678634582
0.249909515068
0.442216451262
0.220070709989
0.259554814036
0.4425432396
0.581050249448
0.136053624368
0.428784528849
0.447467390552
0.633774064388
0.269863369486
0.577099746534
0.191693082537
0.467954535567
0.140303395332
0.186236846989
0.331344893786
0.695807938816
0.339385550825
0.5458574921
0.328107058957
0.333733724453
0.460629083438
0.253536734976
0.289555077568
0.0777103720157
0.833610747286
0.77523155509
0.474123419559
0.174088028838
0.352913550637
0.52957691828
0.496906948479
0.279279623027
0.777409681194
0.26537921599
0.76334127274
0.853549321187
0.464832600097
0.239422781092
0.434852738087
0.366110843637
0.324456972469
0.456731179969
0.203136013813
0.191710482225
0.743205327041
0.236906109611
0.319584957054
0.603358618742
0.580143355119
0.308032410729
0.212657107312
0.738829540986
0.4226095278
0.7633766876
0.261571603998
0.513690284608
0.66125611734
0.471585218135
0.0311072231731
1
0.0760416244924
0.136420211407
0.159458632955
0.387973318588
0.317122436889
0.50032681757
0.393425413666
0.891016203492
0.598124763943
0.339954932826
0.803955928315
0.704719234937
0.721716057982
0.386472351356
0.158354818184
0.233054236109
0.315273093751
0.240711060457
0.301207971016
0.330932315346
0.375231636626
0.641967574239
0.418914293321
0.240325973478
0.320997546412
0.204566350521
0.454304811167
0.458409178058
0.796735507512
0.40214735283
0.386214671792
0.320167870559
0.375542616317
0.323355857546
0.39470011088
1
0.311356954624
0.66600399511
0.128568712665
0.203574918691
0.319511380068
0.419623603236
0.25370667446
0.755310737953
0.44404169305
0.811605417387
0.289941766065
0.399886847276
0.311660977746
0.284138996429
0.242390132629
0.316108382052
0.302966488566
0.0144965800884
0.701926198313
0.383039498234
0.21498140202
0.385661017803
0.344889396965
0.35234935466
0.0248018666225
0.431630120243
1
0.21193297739
0.499981252713
0.345744139444
0.638861971162
0.0644303464732
0.327710281215
0.171249825937
0.291672430573
0.271638837363
0.398779630818
0.260441266577
0.362777882155
0.384962211439
0.461306406648
0.663422816764
0.618141458177
0.224173138422
0.263497532856
0.448169846417
0.458987063206
0.106905759813
0.459497639107
0.544350454279
0.855924831288
0.480418933564
0.719948203879
0.214502047887
0.0727450111665
0.279467073579
0.272489909625
0.731666026814
0.0198822641978
0.304436363693
0.507320342828
0.747720133123
0.568053749877
0.427745796609
0.227198886446
0.327933011803
0.356705203337
0.633635908207
0.432400784619
0.271196201949
0.511176791471
0.289152819921
0.391864131529
0.468376470852
0.358630961711
0.22950836849
0.379578797157
0.0937275854076
0.358472622416
0.310015707919
0.130436363161
0.36953868609
0.439913395193
0.409597502024
0.401329638443
0.246619438058
0.22049241556
0.32872415745
0.890973367069
0.114353000228
0.363179783493
0.610840174992
0.723482053112
0.0752132827804
0.314566494901
0.191125268927
0.964515550707
0.427342862026
0.407538751693
0.306762641951
0.655986700855
0.327903310468
0.356047064189
0.41950702619
0.360447476298
0.464150156325
0.175981345066
0.379549871137
0.317771379529
0.366139931322
0.299877684803
0.661521704236
0.431887696328
0.264393259498
0.432138829531
0.76799495795
0.182463613283
0.255547523947
0.479211629475
0.291536347035
0.275537131121
1
0.572372319568
0.496830259402
0.304241525465
0.375564488395
0.444837009976
0.0950221034323
0.570396260228
0.121087068704
0.480399401091
0.351503904495
0.155977392525
0.430359765332
1
0.418465061712
0.208442261071
0.281076838474
0.528692611407
0.457674318625
0.109946872279
0.191663190426
0.636583465367
0.176221834424
0.291472467458
0.245568721169
0.408594975857
0.255115831092
0.265555492539
0.279393473206
0.28663597051
0.818087698224
0.71045316535
0.289769767087
0.209856623937
0.310345457617
0.49247018403
0.448287697095
0.421018094201
0.111724194742
0.542938727933
0.417222956124
0.201180232069
0.591282355614
0.742282293378
0.373435365988
0.260768332997
0.5381678064
0.0589010946376
0.282010852632
0.511753941238
0.774709330941
0.922021766618
0.361979239196
0.328452889075
0.823246036072
0.120679003457
1
0.237208063242
0.613134202215
0.313986441914
0.325554539464
0.0753282649826
0.818366798604
0.124628625398
0.704835955394
0.243828639614
0.756589043826
0.432514124696
0.126377979773
0.156582678277
0.761842295716
0.45124736363
0.281140906661
0.300932684728
0.161955571891
0.324482913903
0.341298456231
0.310632313636
0.191759617791
0.346191953835
0.324444960304
0.531496766154
0.167997645406
0.166545354794
0.151486545064
1
0.559554475402
0.665313217007
0.226782872145
0.378831814101
0.457713001713
0.311893021726
0.345504498198
0.558748313646
0.334496658287
0.250427370952
0.287924004619
0.380613094425
0.43419053629
0.421727369448
0.413255676853
0.364182484667
0.728570636573
0.453333222552
0.133207715433
0.281129722609
0.198496632261
0.518207380869
0.271186468632
0.273092005604
0.0565688518646
0.462766280806
0.066687182501
0.339531171304
0.711153431661
0.450930447183
0.404816406297
0.502613621704
0.353585122575
0.20780964454
0.249115906777
0.592290136238
0.688683434388
0.128997224312
1
0.955832025013
0.550951107074
0.109218844844
0.143585292756
0.317425808349
0.453496222453
0.447880235154
0.555402658003
0.180995057939
0.308297258611
0.301644698536
0.141938148812
0.233170699439
0.317843057473
0.655717329046
0.573590482542
1
0.72291711488
1
0.287271631613
0.391074297187
0.345812368909
0.364333291888
0.487773073882
0.644180295992
0.361461584223
0.687320543278
0.349871562308
0.451794421654
0.536232159353
0.596499274556
0.249461508219
0.154230911426
0.339663672217
0.275070650282
0.153890730844
0.276545896632
0.479189035738
0.331990794135
0.362839281294
0.58074068099
0.152616433941
0.910735084966
0.629443245999
0.505051956062
0.37712942198
0.980854384947
1
0.715103137967
0.163356144114
0.341074101252
0
0.598275129597
0.382514389066
0.184095647723
0.455922806371
0.474617714162
0.358004792074
0.38885242136
0.356765676078
0.237730911214
0.665369032073
0.555569788335
0.559326914909
0.426038342478
0.265237911571
0.213502110394
0.516878972386
0.34788029648
0.461306195485
0.634087737567
0.457329519617
0.892696277489
0.367716659583
0.207665442582
0.164825118776
0.197764558838
0.145226876292
0.878505569469
0.599904545335
0.448780262016
0.483604257334
0.25916599579
0.235561220476
0.494151422475
0.365197398626
0.406489740561
0.474072460863
0.499844570041
0.344273753119
0.33238168622
0.409588076633
0.334172352092
0.308117069061
0.662846300117
0.288184622973
0.211944117369
0.426736865157
0.252535496812
0.659721881666
0.535465834843
0.418061298555
0.50237918591
0.591686815022
0.183015631394
0.57778275173
0.366999489133
0.5476379389
0.0809229829338
0.181097400026
0.446995056668
0.175206452453
0.249762928787
0.86658150251
0.411053667522
0.485657924157
0.375229340925
0.749802825683
0.385987900441
0.146864832213
0.453714488562
0.423337685764
0.270054676137
0.195305068203
0.34230369731
0.432951813858
0.516482097048
0.165719329125
0.647462152015
0.433207725353
0.334081375699
0.686680285001
0.503122660151
0.486331585225
0.325184664538
0.491945377413
0.130362891594
0.734513538156
0.314915106009
0.229255153983
0.765773896927
0.371617685105
0.285465795573
0.323827695233
0.534420632322
0.652135356926
0.291369295797
0.556145197025
0.259555223601
0.715738564295
0.312307760397
0.111107029159
0.275149429656
0.355053862774
1
0.770826935838
0.276012583518
1
0.283409810456
0.116632197321
0.382055801623
0.271081176213
0.4060186475
0.362150950188
0.385989026059
0.263271749372
0.355731605112
0.157211461608
0.691577859158
0.544729024161
0.660618712587
0.754803334468
0.264340669558
0.280281255467
0.221814176968
0.425674702205
0.434877405247
0.159739588402
0.756256623673
0.216393519814
0.135427298636
0.354044117471
0.967374884816
0.322125295566
0.509198482073
0.421751348104
0.503051109246
0.251237454041
0.225082448799
0.224606307964
0.25100848271
0.340322675213
0.156627471543
0.298442630486
0.597788708646
0.443279707084
1
0.204258689469
0.477356507292
0.64468748893
0.367829853665
0.661336396009
0.332688275133
0.626963117208
0.360465243451
0.55990968365
0.704324152336
0.476609768175
0.354319536595
0.955592310442
0.578198917803
0.431595515897
0.499157652496
0.301936597941
0.376191426358
0.179557271458
0.348712752238
0.255498162814
1
0.364664749484
0.753109089217
0.246847742823
0.237907137061
0.0957709944735
0.416496607416
0.44781397008
0.341798492649
0.338171202797
0.429439210993
0.625079128299
0.491609303123
0.61671783372
0.359959211025
0.479898848955
0.498025655556
0.195183208828
0.327261712207
0.501064131356
0.279809581512
0.505624275242
0.445899180645
0.237424988076
0.740228123175
0.546933105147
0.563670396782
0.666778919221
0.573567450152
0.343559062603
0.180176637219
0.53038913332
0.472632936358
0.134795501802
0.497584358411
0.318121990329
0.432047022109
0.400263186058
0.771563386391
0.24515987315
0.45383513711
0.422021735761
0.552971370327
0.343334460274
0.432102680969
0.29482307694
0.347055699124
0.453118051086
0.20871565442
0.248309277489
0.198032523242
0.356699994795
0.457857903968
0.201902520965
0.412572222476
0.24886889945
0.282142253642
0.301841175198
0.532942357635
0.408328475496
0.704802638143
0.649115361194
0.771145760263
0.129905559474
1
0.157202836901
0.302889958307
0.709061625716
0.187986177134
0.449480847528
0.0962291996915
0.415264048357
0.226564029421
0.48245928716
0.207591512245
0.205138608207
0.353034572364
0.41872465565
0.712466623006
0.993028982749
0.141293156556
0.740431006747
0.284588202127
0.61454107353
0.239793464584
0.465250602331
0.155125977481
0.337284104942
0.334051458466
0.940885378064
0.393785478992
0.526008802987
0.358220962638
0.276923857774
0.0718602856945
0.492281793889
0.474566151854
0.714335815939
0.763765404844
0.17561363902
0.300761175234
0.222233287806
0.629351126484
0.843758480955
0.402130625417
0.158668193523
0.778384727018
0.322554266346
0.211662722691
0.227988627615
0.581080006625
0.423486335232
0.2945137829
0.285236827847
0.130506575364
0.320078640076
0.352289953398
1
0.583169748086
0.150565680205
0.322465238279
0.130631988426
0.325293573497
0.468718698125
0.395622906159
1
0.53857863854
0.885545177274
0.135358020712
0.48514658712
0.290530885721
0.138530941751
1
0.528202503992
0.294866156828
0.296150112598
0.400467753548
0.264938388052
0.219972126724
0.375254921588
0.377274263811
0.378617869609
0.179001238974
0.300028750321
0.225960684543
0.301008920861
0.907483142398
0.338955654526
0.313146188789
0.330913810677
0.503399073014
0.661760842416
0.912465740181
0.293342274112
0.220090377535
0.369219707618
0.314186044705
0.209023435515
0.288318963435
1
0.303081607712
0.149592029572
0.535932635988
0.353726985632
0.329105924226
0.334324297577
0.333572154876
0.423654544727
0.335698326618
0.46590222337
0.790280381242
0.126931916934
0.564266230653
0.257999654417
0.346058315937
0.322437506009
0.640715728065
0.341953023768
0.448289643548
0.473389176232
0.475197591559
0.83662911571
0.400026064037
0.104537788072
0.552993910811
0.438847302598
0.620052843904
0.567780611363
0.209859925364
0.999810081459
0.725191083177
0.749612452978
0.090823222086
0.282134348698
0.184541152228
0.321776011146
0.640858739971
0.437931185921
0.304862578422
0.156419793161
0.499802378079
0.834779291664
0.832435646612
0.3901060558
0.255244646573
0.194811806288
0.377290993007
0.355440024672
0.356830637987
0.189419184669
0.583974691189
0.275274279853
0.350575493355
0.375313223853
0.672062920053
0.658102542952
0.224278773529
0.345940600557
0.393614998042
0.289537417346
0.380989009012
0.72095101976
0.555192653948
0.523855271038
0.343142422073
0.315894039545
0.269891624649
0.556733578293
0.626966422819
0.385601508628
0.120575035057
0.583154201228
1
0.141351224205
0.244033604648
0.240385198587
0.803535776222
0.492049604835
0.600656318715
0.770574999289
0.200846737784
0.0771278241816
0.743960508762
0.279177750436
0.173638396469
0.361609191391
0.314797489177
0.194145644101
0.353409911743