0.000894765457388
0.000536262636941
0.000624263027179
0.000293439078783
0.000354940693547
0.000573814059698
0.000233322031957
0.000427890642019
0.000562410296685
0.000331491217286
0.000497256525037
0.00027587636183
0.000436190849071
0.000451803575064
0.000387209780366
0.000347729195026
0.000372364979806
0.000500649537102
0.000537745129441
0.000347703705915
0.000344443284706
0.000541305330159
0.000488093043186
0.00032090521487
0.000397343032543
0.00042393493797
0.000336290412246
0.000631752621183
0.000290398666699
0.000368831539066
0.000269777997187
0.000386931714725
0.000401193011824
0.000382203158508
0.000487027045478
0.000397150907107
0.000328368784975
0.000472061178908
0.000616799278882
0.000544929273596
0.000357820739293
0.000354589379621
0.00016502664608
0.000332299756547
0.000418831884143
0.000536891674679
0.000257533726728
0.000294473839188
0.00041314570166
0.000455148905111
0.000713295859194
0.000384901978787
0.000536936335745
0.000374454227756
0.000300361943142
0.000348677789509
0.000253257205512
0.000388871012901
0.000422632606789
0.000302558298237
0.000359363802195
0.000348211168505
0.000473889339603
0.000396119609303
0.000364684516727
0.000480662403498
0.000463055653196
0.000417711220672
0.00053702800219
0.00029424561194
0.000509487142954
0.000472505843513
0.00037284133876
0.000278959245466
0.000490847252626
0.00034347358469
0.000306884569413
0.000400306563058
0.000412154146571
0.000590545930842
0.00124147710829
0.000380336805667
0.000330880657119
0.000452250381705
0.000316602849302
0.000297795726471
0.000412752348065
0.000589300738904
0.000265540432045
0.000393266161602
0.000295399646031
0.000383093805683
0.000485885214419
0.000559788680633
0.000432001711241
0.000977218048054
0.000422361883454
0.000306847055102
0.000283314497732
0.000383622183844
0.000420305362966
0.000555346040385
0.000495426766326
0.000511656487901
0.000342902413714
0.000453988794709
0.000334714819274
0.00050951523168
0.000259212621857
0.000720932506821
0.000306315169946
0.000464699838652
0.000360490888246
0.000334544755065
0.000369784727206
0.000514272267712
0.00023235743119
0.000304247128965
0.00028709407327
0.000294421560699
0.000332684526264
0.000452181260658
0.0005910530276
0.000553360150894
0.000609944522616
0.000470531327937
0.000307881726701
0.00037928689055
0.000558492678912
0.000436902545293
0.000845970550706
0.000383444244711
0.000353956617208
0.000546037224163
0.000359460414482
0.000343070508475
0.000483835015455
0.00032324657758
0.000304813408568
0.000602674787014
0.000378353015535
0.000388431701633
0.000400597941059
0.00037451400354
0.000311107309453
0.000349754950526
0.00052814159497
0.000411496633178
0.000567378589371
0.000474163708699
0.000297685092703
0.00042476245899
0.000453217202892
0.00032949112645
0.000285404684013
0.000207730926569
0.000615103053821
0.000263128342846
0.000488981155973
0.000332805242009
0.000583400402893
0.000551240547052
0.00045218127174
0.000276410899779
0.000602417602025
0.000322173732963
0.000456874829252
0.000308681531973
0.000322907472334
0.000476241351719
0.000544305221009
0.0006147611408
0.000295624159943
0.000288188765184
0.000429044314914
0.000675408388856
0.000381952245052
0.000235587111598
0.000368784529929
0.000396577126674
0.000265746947584
0.000298153874057
0.000361579995545
0.000305076390659
0.000410377336714
0.000356486825665
0.000320994953979
0.000408732634959
0.000262861149838
0.000273135963527
0.000458067561112
0.000555647479613
0.000328645647568
0.000351604210321
0.000334760843712
0.000283698947359
0.00029630961176
0.000504764882119
0.00027283944263
0.000415010622991
0.00030344926812
0.000342997708579
0.00038774739485
0.000340031510821
0.00026049059621
0.000347031113636
0.00080622501157
0.000376261054123
0.000641458194787
0.000529294444709
0.000476995405833
0.000328453455302
0.000497301908876
0.000393467814918
0.000387917296693
0.000441113613244
0.000228200501235
0.000437356403184
0.000236013519929
0.000346451124555
0.000400620535755
0.000425013405792
0.000542133328503
0.000497768553808
0.000405786957225
0.000469541020223
0.000629816134119
0.000540008288585
0.000415049316892
0.000354436235783
0.000390392317967
0.000529049589822
0.00052068545592
0.000581637124729
0.000274356043343
0.000322785376108
0.000268932821335
0.000432683198011
0.000294067409365
0.000402478176261
0.000409557919714
0.000413810590231
0.000254394578972
0.000258939506787
0.00076727026487
0.000392676762889
0.000723847746328
0.000526943676795
0.000371715069622
0.000387487033979
0.000635943755311
0.00023569760332
0.000426404449563
0.000312867272925
0.000612046075553
0.000345339862172
0.000500274463007
0.000516296029099
0.000673822995591
0.000459669540944
0.000614603799464
0.000904208059653
0.000197067916358
0.00059299181891
0.000490285124283
0.000568370981564
0.000575015393097
0.000548258763187
0.000816638058344
0.000337241151064
0.000188854666639
0.000571440658348
0.000286188380533
0.000483346543027
0.000336211515629
0.000829957662349
0.000442926177013
0.000620463066482
0.000711585765222
0.000567543338576
0.000341083875037
0.000425956797107
0.000351314641368
0.000430720798024
0.000658044336647
0.000368036811154
0.000365220215196
0.000433872707494
0.000508684827574
0.000391035210601
0.000302133255783
0.000663600353368
0.000490135521039
0.000738883574464
0.000345292190006
0.000275423950316
0.00040808484448
0.000549577818011
0.00066618661164
0.000454480317375
0.000447835723105
0.00039068049093
0.000586356566135
0.00035896276329
0.00030136830624
0.000240475350105
0.000409822876572
0.000345572234748
0.000397570476439
0.000557436915768
0.000528225259182
0.000385093296483
0.000287475015611
0.000491125937888
0.000365461118451
0.000458500091058
0.000401264220918
0.000283095561082
0.000346610580178
0.000436316544409
0.000531499154016
0.000573752389807
0.000387245621259
0.00061726748069
0.000514506754053
0.000450358701711
0.000314929943895
0.000353040852837
0.000396903758722
0.000433557698706
0.000410018086242
0.000514240204111
0.000319785084992
0.000851606550266
0.000643452931961
0.000426646555784
0.000296767622442
0.000667999719993
0.000467910424956
0.000606306204688
0.000303059291913
0.000488196864953
0.000535254346405
0.000678934793114
0.000341573086267
0.000431292811628
0.000326859696131
0.000425525758471
0.000486005386212
0.000440257015635
0.000674486887018
0.000454083355179
0.000412007104147
0.000440970053112
0.000514471303338
0.000299970681509
0.00036548669352
0.000439026056414
0.00034646114573
0.000312539886261
0.000489250053233
0.000488744461396
0.00038595004169
0.000291766517763
0.000396741037538
0.000294732592151
0.00041653387211
0.000260368120318
0.00037670112065
0.00050471825755
0.000457110634867
0.000655906575472
0.000358299813149
0.000593162291753
0.000411530604964
0.000419125757538
0.000550356527432
0.000566090633274
0.000352174881808
0.000397656640577
0.000402118901836
0.000537649586374
0.000296831733367
0.000414868617485
0.000888253590215
0.000703842361091
0.000301179615564
0.000449465132628
0.000428210026404
0.000360291680958
0.000410337963455
0.000666760799103
0.000391258901303
0.000496501136161
0.000546311643137
0.000323562739379
0.000305974273479
0.000452945355841
0.000551752905376
0.000338874901983
0.000374818858907
0.0003947401881
0.000287016092872
0.000502885176142
0.000436330001307
0.000416319267979
0.000595450248504
0.000324689216534
0.000352563684753
0.000549496703405
0.000713668976658
0.000338049059448
0.000586313088495
0.000477410470376
0.000286114980754
0.000337651432058
0.000218738748568
0.000480813119104
0.00044879748063
0.000320291910417
0.000501100434041
0.000219810680237
0.000665074468464
0.000351882362757
0.000547355895192
0.000537929539748
0.000765893750427
0.000260313536826
0.000567818446526
0.000312493460251
0.000372876898658
0.000259018182348
0.000556087192378
0.000797051067733
0.000521387415762
0.000269051753522
0.000451062838465
0.000517795033162
0.000459599027452
0.000762173221299
0.0004882316932
0.000473420807748
0.000351954571139
0.00046133983339
0.000595641015686
0.000622834978454
0.000446313929476
0.000628583273791
0.000675720274658
0.000581481295297
0.000217638060272
0.000512236218572
0.000269457883136
0.000648399380108
0.000489334299229
0.000433206328084
0.000622776940908
0.00056826156405
0.000454493571278
0.000568895020206
0.000539448379423
0.000423087806014
0.000347396699565
0.000399419251744
0.000367026529572
0.000400993846257
0.000345528197446
0.000263588823838
0.000457252773616
0.000452261823709
0.000357815143236
0.000711060689987
0.000279293782629
0.000452107327723
0.00039582323125
0.000475601626341
0.000355721844082
0.000596548376032
0.000419358382741
0.000388439714994
0.000465056800244
0.000354468274656
0.000457840846939
0.00044172286099
0.000530297668371
0.000528807472979
0.000376890469207
0.000369758886151
0.000857485214158
7.95044949833e-05
0.000248235039228
0.000515486993687
0.000861139372227
0.00088554329852
0.000431068085205
0.000401552020933
0.000475572854082
0.000287311606495
0.000745190924382
0.000314738865742
0.000475631043509
0.000477203513956
0.000438100379806
0.000472863407109
0.000257082491256
0.000321126040395
0.000350629475025
0.000370858837082
0.00015598222585
0.00044831774807
0.00040705732136
0.000239736003417
0.000578983812289
0.000374585852574
0.000418217634131
0.000601793418427
0.000229751505202
0.000431710510438
0.000359193246208
0.000413819500037
0.000293269081018
0.000462983909315
0.000547226858973
0.00039240943722
0.000530154992566
0.000524526151548
0.000411024538235
0.000434310705048
0.000380836620364
0.000469386814729
0.000338249674738
0.000671427537801
0.000226010656439
0.000455220509717
0.000605131081137
0.000555505416206
0.000241486651069
0.000115463565544
0.000403944647473
0.000582078048641
0.000453534857413
0.000680454188672
0.000440009018417
0.000541301098688
0.000453943400637
0.000295649788837
0.000269403507986
0.000395942562479
0.000536221095044
0.000337826065584
0.000501105134577
0.000393061215381
0.000406593219504
0.000252730248284
0.000720494412051
0.000701652455647
0.00057061650257
0.000406415269371
0.000446969774533
0.000343966671338
0.000283144677574
0.000355061075984
0.000450581211969
0.000453060707628
0.000537788975242
0.000739964816737
0.000478016601417
0.000777124151649
0.000206618768543
0.000311430475703
0.00032596820952
0.000319509201817
0.000557588482012
0.000371386343899
0.000295610355871
0.000565745119418
0.000454696862703
0.000494065491641
0.000526485745131
0.000574692379797
0.00044076078166
0.000577315085739
0.000497849203969
0.000482401359329
0.000421006520552
0.000634570035903
0.000748150023745
0.000431832116428
0.000382383586754
0.000468311174281
0.000410089174991
0.000375205104857
0.000325880588186
0.000325403351153
0.000657726690375
0.000350088443077
0.000694849592963
0.000349446520643
0.000682955285921
0.000607822577205
0.000463441106392
0.000496285650475
0.000535034390969
0.000294868225724
0.000607146233679
0.000324900465065
0.000360417378297
0.000390445830784
0.000295659238491
0.000784630092551
0.000370650107693
0.000486419510716
0.000618604787988
0.000682942214336
0.000411468337119
0.000512578594021
0.00033074583976
0.00062464451428
0.000327992112685
0.000183228900801
0.000522670469255
0.000364098722687
0.000330757962476
0.000365244563806
0.000585786159297
0.000490390300909
0.000692223058909
0.000449267970432
0.000381424999688
0.000399445411575
0.000175022334998
0.000483563898424
0.00050499902553
0.000552942678058
0.0005108873732
0.000369021708305
0.000377751056595
0.000408992545397
0.0004826710888
0.000244788372766
0.000659852430491
0.000550878943201
0.000634656470222
0.000389963722909
0.000183119288529
0.000249391930357
0.000377904141694
0.000199450099908
0.000427034328782
0.000608024660809
0.000425718042769
0.000472878283216
0.000750788402401
0.000463193125807
0.000282277407748
0.000596063425087
0.000560776576197
0.000716490358152
0.000374276934669
0.0002956503972
0.000359656987925
0.000246896661862
0.000520559457723
0.000501207300551
0.00065669471006
0.000473650197234
0.000402830710601
0.000617489960544
0.000415181979709
0.000784701562958
0.000449991543071
0.000432941875307
0.000325894672723
0.000413318817312
0.000335158619955
0.000361896800201
0.000356252174958
0.000524114881563
0.000486648009178
0.000879454604745
0.000607746223819
0.000293815799342
0.000516295112577
0.000318297521623
0.000244658146794
0.000356012657249
0.000336629557367
0.000482420589227
0.000408623422995
0.00038456814744
0.000301527170484
0.000333834113164
0.000512102320149
0.000491625408449
0.000446854103529
0.000258804237808
0.000363883176593
0.000448053018707
0.000642778077474
0.000324973554717
0.00041917129759
0.000382032342305
0.000260892414357
0.000601472134667
0.000503863336292
0.000438894883222
0.0003158312396
0.000695834883068
0.000199449708446
0.000406805183428
0.000267102463932
0.000430309322894
0.000517158019524
0.000532984770142
0.000280342926499
0.000343094800264
0.000318883823975
0.000495376918058
0.00049488677403
0.000370104869829
0.000415513660381
0.00049209946357
0.000434647647575
0.000257966418465
0.000302624088438
0.000542934143125
0.00039973797511
0.000290968185572
0.000445246109111
0.000405163925283
0.000272799239292
0.000391193586178
0.000184120693817
0.000307399473784
0.000215178699486
0.000346768418204
0.000305325175886
0.00027223723912
0.000460469594288
0.000370702022915
0.000368621060278
0.000488030451646
0.000611598740314
0.000490511426191
0.000331757782029
0.00026710410122
0.000281499215472
0.000300023108141
0.000477382413504
0.000314972730183
0.00044823310323
0.000333638192103
0.000299787323404
0.000370713841239
0.000361038083096
0.000413249645524
0.000456368917612
0.000318454614485
0.000394752890653
0.00035234349171
0.000397578243504
0.000459574311559
0.000509403421672
0.00034421164482
0.000414986620038
0.000315817637032
0.000238526720309
0.000416332705404
0.000348402732223
0.000287050198085
0.00022072009395
0.000544838533105
0.000375717313892
0.000379312127858
0.000329162370271
0.000156572824802
0.000401755390839
0.000301954607145
0.000554887122665
0.000332405715865
0.000458254810316
0.000315305549377
0.000316605798335
0.000409728425332
0.000395718479876
0.000320781301269
0.000339433992182
0.000297255396014
0.000487556674245
0.000237051426595
0.000437400352081
0.000306763401975
0.000317368922663
0.000280199450493
0.000487560489452
0.00036521668086
0.0003382664932
0.000244105495693
0.000334444021691
0.000292310053568
0.000435199683475
0.000429679775501
0.000563712293953
0.000414772150856
0.000213894530053
0.000295645102453
0.000281335966676
0.000375634040769
0.000444883298832
0.000643983324118
0.00034492624452
0.00025127465135
0.000288439748349
0.000394287644335
0.000261824468491
0.000369902435735
0.000461657138964
0.000441700685774
0.000292529804902
0.00029507255386
0.000324284503333
0.00033595446809
0.000616818673269
0.000365234805989
0.00036178435897
0.000209981489099
0.000392909499206
0.000440503114909
0.000380878310744
0.000443554939836
0.00040711712777
0.000467673628964
0.000270307838345
0.000250149767393
0.000317945560162
0.000173403654542
0.00033198114805
0.00043548659093
0.00027645262873
0.000563360380384
0.000315756140425
0.000270384660711
0.000342458687448
0.000375853578979
0.000487533199439
0.000597553744548
0.000407928936717
0.000452766186276
0.000481195558991
0.000327923048263
0.000629221412523
0.000315199576231
0.000318295916592
0.000277897880615
0.000221480669498
0.000564436881622
0.000416091495828
0.000411913043322
0.000467489543215
0.000295273938911
0.000191150884387
0.00045025028442
0.000369981649211
0.000407563323847
0.000306300146872
0.000406407715719
0.00043398864608
0.000235905226203
0.000377141245194
0.000485995213111
0.000239062535699
0.000413588975081
0.000508191107486
0.00037962389263
0.000401133988753
0.000249987735853
0.000439996838028
0.000219523042476
0.00024004863312
0.000489900059762
0.000429688746349
0.000534984377514
0.00041747794322
0.000463491162285
0.000362358006502
0.000216590669208
0.00033996034486
0.000330722698893
0.000369075689553
0.000399308822045
0.000326027622281
0.000464334490719
0.000253220420163
0.000407331890151
0.000270471118589
0.000333581095797
0.000382898596341
0.000377497112354
0.000261015524207
0.000141598565073
0.000466376187553
0.000314852838067
0.00039796676636
0.000442314545942
0.000259001024767
0.000387435584732
0.000433371070256
0.000479614455522
0.000384036966522
0.000218740809481
0.000244167367718
0.000487726417888
0.000476804853031
0.000430948981123
0.000236260424893
0.000414492272035
0.000529459912936
0.000618207574534
0.000269721507294
0.000455154058092
0.000306571254244
0.000246233682599
0.000285896877928
0.000310265052998
0.000377902252049
0.000392621582875
0.000475892893039
0.000341453760552
0.000305088773137
0.000265865957858
0.000315260811558
0.000292351413596
0.000419388231971
0.000370159225317
0.000283730419488
0.000295827852116
0.000515519701711
0.000287340795499
0.000641054479941
0.000382240818363
0.000371742793811
0.000461994028489
0.000349717147367
0.000377444260604
0.000144225909655
0.000384290570859
0.000360264405766
0.000240749211067
0.000300511561192
0.000420608754764
0.000184987879239
0.000398948211088
0.000560817419451
0.000470797380337
0.000436694967512
0.000554457609067
0.000398857887979