1
0.657403756446
0.152314661925
0.273879306437
0.194277414211
0.244627576228
0.220898783642
0.326507260523
0.18972117888
0.311236663446
0.221904718753
0.219038317578
0.189119619663
0.088729754107
0.0330344208383
0.184187717954
0.210478882017
0.202503265153
0.0261078746139
0.202939112421
0.0130570138327
0.175982077538
0.0181910243835
0.167587585091
0.00326094557303
0.165572592606
0
0.173945834807
0.00682482978199
0.153340534525
0.000226765147732
0.153385907093
0.00314603972411
0.220208208204
0.013781398031
0.165754903056
0.0137948427409
0.233328844895
0.0248129337032
0.0876441316715
0.180285675052
0.204729696658
0.278076789558
0.268539752007
0.243684805938
0.167529117355
0.0434238270926
0.0830739186374
0.235867339792
0.305925326757
0.0502224587891
0.159418967407
0.133989313444
0.12291229934
0.125637233041
0.21668466124
0.234554068244
0.153545567757