0.00128043015709
0.0011768639426
0.00381478928548
0.00211976700952
0.0033202227256
0.00266181549895
0.00394031249418
0.00359690006057
0.00592925300607
0.00301723450814
0.00529088254668
0.00556876360125
0.00611235583453
0.0105854032768
0.0147852360937
0.00702974045814
0.00807579807519
0.00940960931295
0.0190285041266
0.00968901793649
0.0231816800895
0.0119835936621
0.0223286122152
0.0126240143056
0.0256763099245
0.0134741435258
0.0286624913368
0.0145778100071
0.0262237627114
0.0147573283945
0.0271855488875
0.0132381918479
0.0268550734894
0.0160837982275
0.0228181452066
0.0121619800482
0.022589977868
0.0109143412886
0.0186427101493
0.0123740051501
0.00837955853148
0.00730482447778
0.0062644674805
0.00557938620216
0.0048561096956
0.00542328783256
0.0129494298515
0.00911842587484
0.00449984013372
0.00265301967852
0.00866995825547
0.00511894491188
0.00753307836066
0.00586350531007
0.0057204009277
0.002458730169
0.00162629114786
0.00238753760201